version https://git-lfs.github.com/spec/v1
oid sha256:f16f540dd6e234a621fd6870294fcc831d792c3526b9fc10b493951726976aba
size 3892
